$ 1 0.000005 1.700203994009402 50 5 43 5e-11
R 224 176 144 176 0 2 40 5 0 0 0.5
r 224 176 320 176 0 100
w 224 176 224 112 0
r 224 112 320 112 0 1000
162 320 112 416 112 2 default-led 1 0 0 0.01
g 416 112 464 112 0 0
t 320 176 432 176 0 1 0.6558359122061135 0.6674355119874251 100 default
w 432 160 576 160 0
R 576 160 576 80 0 0 40 3.3 0 0 0.5
w 576 160 832 160 0
w 832 160 928 160 0
r 928 160 928 240 0 560
w 928 240 928 288 0
g 928 288 992 288 0 0
t 928 240 864 240 0 1 0 0 100 default
w 864 224 864 160 0
r 864 256 864 336 0 100
r 864 336 864 416 0 1000
g 864 416 864 464 0 0
w 864 336 800 336 0
w 432 192 432 256 0
w 432 256 512 256 0
r 512 256 512 320 0 100
r 432 256 432 320 0 100
r 432 320 432 400 0 1000
r 512 320 512 400 0 1000
w 512 320 576 320 0
w 432 320 368 320 0
g 512 400 512 448 0 0
g 432 400 432 448 0 0
r 112 256 112 352 0 33000
R 112 256 32 256 0 0 40 3.3 0 0 0.5
w 112 352 176 352 0
w 176 352 240 352 0
r 240 352 240 432 0 100
r 176 352 176 432 0 100
r 112 352 112 432 0 1000
w 112 432 176 432 0
w 176 432 240 432 0
g 64 432 0 432 0 0
w 112 352 48 352 0
155 272 576 288 576 0 0
w 48 352 -64 352 0
w -64 352 -64 576 0
w -64 576 272 576 0
368 368 576 432 576 0 0
w 368 320 256 320 0
w 256 320 256 608 0
w 256 608 272 608 0
155 592 576 656 576 0 0
w 576 320 576 576 0
w 576 576 592 576 0
w 800 336 592 608 0
368 688 576 768 576 0 0
w 64 432 112 432 0
o 53 64 0 4099 0.0000762939453125 0.00009765625 0 2 53 3
o 45 64 0 4099 0.0000762939453125 0.00009765625 1 2 45 3